-0.9917    0.9958 1.152e-06 1.673e-07         0         0         0         0         1       1.8
-0.9916    0.9957 1.169e-06 1.631e-07         0         0         0         0         1       1.9
-0.9872    0.9934 1.869e-06 2.525e-07         0         0         0         0         1         2
-0.9826    0.9911 2.445e-06 3.179e-07         0         0         0         0         1       2.1
-0.9777    0.9885 3.195e-06  4.03e-07         0         0         0         0         1       2.2
-0.9729    0.9859  4.09e-06 5.027e-07         0         0         0         0         1       2.3
-0.9675    0.9831 4.774e-06 5.761e-07         0         0         0         0         1       2.4
-0.9575    0.9777 6.469e-06 7.756e-07         0         0         0         0         1       2.5
-0.9515    0.9743 7.475e-06 8.768e-07         0         0         0         0         1       2.6
-0.9405    0.9682 9.204e-06   1.1e-06         0         0         0         0         1       2.7
-0.9287    0.9616 1.101e-05 1.315e-06         0         0         0         0         1       2.8
-0.9163    0.9543 1.384e-05 1.657e-06         0         0         0         0         1       2.9
-0.8984    0.9439 1.641e-05 2.004e-06         0         0         0         0         1         3
-0.8843    0.9353  1.87e-05 2.302e-06         0         0         0         0         1       3.1
-0.8638    0.9227 2.224e-05 2.783e-06         0         0         0         0         1       3.2
-0.8432    0.9096 2.409e-05 3.184e-06         0         0         0         0         1       3.3
-0.8205    0.8947  2.89e-05 3.885e-06         0         0         0         0         1       3.4
-0.7969    0.8787 3.451e-05 4.873e-06         0         0         0         0         1       3.5
-0.7696    0.8593 4.015e-05 6.028e-06         0         0         0         0         1       3.6
-0.7367    0.8351  4.68e-05 7.605e-06         0         0         0         0         1       3.7
-0.7077    0.8124 4.903e-05 8.416e-06         0         0         0         0         1       3.8
-0.6696    0.7807 5.856e-05 1.175e-05         0         0         0         0         1       3.9
-0.6326    0.7477 7.324e-05 1.686e-05         0         0         0         0         1         4
-0.5862     0.702 8.813e-05 2.324e-05         0         0         0         0         1       4.1
-0.5402    0.6519 0.0001187 4.024e-05         0         0         0         0         1       4.2
-0.5359    0.6466 0.0001224 4.363e-05         0         0         0         0         1      4.21
-0.5267    0.6357 0.0001196 4.454e-05         0         0         0         0         1      4.22
-0.5255    0.6341 0.0001208 4.697e-05         0         0         0         0         1      4.23
-0.5172    0.6244 0.0001175 4.611e-05         0         0         0         0         1      4.24
-0.5119    0.6171 0.0001121 4.534e-05         0         0         0         0         1      4.25
-0.5108    0.6155 0.0001213 4.735e-05         0         0         0         0         1      4.26
-0.5023    0.6044 0.0001268 5.536e-05         0         0         0         0         1      4.27
-0.4976     0.598 0.0001373 6.246e-05         0         0         0         0         1      4.28
-0.4963    0.5961 0.0001312  5.78e-05         0         0         0         0         1      4.29
-0.4863    0.5823 0.0001383  6.85e-05         0         0         0         0         1       4.3
-0.4813    0.5751 0.0001468 7.171e-05         0         0         0         0         1      4.31
-0.4753    0.5665 0.0001477  7.94e-05         0         0         0         0         1      4.32
-0.4682    0.5551  0.000171 0.0001022         0         0         0         0         1      4.33
-0.4654    0.5512 0.0001564 8.908e-05         0         0         0         0         1      4.34
-0.4588    0.5408 0.0001766 0.0001113         0         0         0         0         1      4.35
-0.4524      0.53 0.0001689 0.0001118         0         0         0         0         1      4.36
-0.4432    0.5155 0.0001668 0.0001124         0         0         0         0         1      4.37
-0.4417    0.5123 0.0001751 0.0001267         0         0         0         0         1      4.38
-0.4341    0.4989 0.0001715 0.0001245         0         0         0         0         1      4.39
-0.4235    0.4787 0.0001883 0.0001585         0         0         0         0         1       4.4
-0.4205    0.4728 0.0002029 0.0001828         0         0         0         0         1      4.41
-0.4087    0.4482 0.0002348 0.0002569         0         0         0         0         1      4.42
-0.4021    0.4333 0.0002361  0.000283      39.9     8.809     40.85     39.87         1      4.43
-0.3892     0.403 0.0002418 0.0004157     34.55     7.613         1         0         1      4.44
-0.3833    0.3835 0.0002438 0.0004243      16.2     3.509         1         0         1      4.45
-0.3816    0.3823  0.000256 0.0004632      13.6     2.927         1         0         1      4.46
-0.366    0.3298 0.0002712  0.000844      64.8     9.732      1.45    0.4743         1      4.47
-0.3635    0.3238   0.00026 0.0007459     35.95     6.254         1         0         1      4.48
-0.3487    0.2589 0.0002816  0.001592     99.85     12.82       1.1    0.3742         1      4.49
-0.3419    0.2296 0.0002591  0.001713     154.9     16.44      9.65      6.85         1       4.5
-0.3379    0.1943 0.0002858  0.002556      79.6     8.975     45.55     36.03         1      4.51
-0.3272    0.1368 0.0001946  0.001487     167.6     13.71        13      7.46         1      4.52
-0.3213    0.1016  0.000196  0.001373     178.5     15.11      43.3     21.22         1      4.53
-0.3193    0.1103 0.0001753   0.00105     200.1     14.79     40.25     17.94         1      4.54
-0.3152   0.07806 0.0001745 0.0009993       112     8.857      59.9        34         1      4.55
-0.3135    0.0846 0.0001554 0.0008277     132.8     9.566     22.15     14.26         1      4.56
-0.3115   0.07287 0.0001518 0.0007848     146.8     12.68      27.4     11.39         1      4.57
-0.3087   0.06629 0.0001551 0.0007468     99.95     5.999        44     18.95         1      4.58
-0.3048   0.05777 0.0001441 0.0006324        95     7.442     41.35      29.3         1      4.59
-0.3044   0.05886 0.0001433 0.0005671     160.5     13.61     18.25     10.62         1       4.6
-0.3015   0.05319 0.0001403 0.0005042     85.95     6.208      34.9     18.32         1      4.61
-0.3001   0.05777 0.0001381 0.0005333     144.8     9.281     42.25     25.17         1      4.62
-0.2991   0.05101 0.0001325 0.0004056     97.95     6.768      39.5     20.89         1      4.63
-0.2954   0.04181 0.0001313 0.0003682     54.85     3.071      12.6     7.061         1      4.64
-0.2947   0.04503  0.000135 0.0004113      50.9      4.84      9.15     4.504         1      4.65
-0.2924   0.03725 0.0001245 0.0003242     61.95     4.321     22.15     14.12         1      4.66
-0.2912   0.04107 0.0001279 0.0003382     61.05     3.907      13.4     6.463         1      4.67
-0.29   0.03943 0.0001224 0.0003298     52.45     3.486     32.25     13.92         1      4.68
-0.2877   0.03644 0.0001183 0.0002941      76.4     7.426      24.1     10.94         1      4.69
-0.2867   0.03473   0.00012 0.0002849     51.65     5.485      12.4     5.309         1       4.7
-0.2856   0.03692 0.0001203 0.0002916     59.55      4.12     16.35      7.28         1      4.71
-0.2841   0.03507 0.0001197 0.0002779      58.1     4.592     23.75     10.94         1      4.72
-0.2816   0.03335 0.0001143 0.0002656      52.2     3.256     18.95      8.15         1      4.73
-0.2808   0.02976 0.0001143 0.0002307      55.1     4.051     21.35     8.371         1      4.74
-0.28   0.02943 0.0001137 0.0002337        20     1.098      10.3     5.337         1      4.75
-0.278   0.02765 0.0001154 0.0002161      34.3     2.574       4.9     2.038         1      4.76
-0.2776   0.02837 0.0001119 0.0002157      25.7     1.448     12.45     5.708         1      4.77
-0.2755   0.02779 0.0001137 0.0002048      34.5      2.26      12.4     6.171         1      4.78
-0.2747   0.02684 0.0001117  0.000209     31.55     1.635      3.55     1.153         1      4.79
-0.2734   0.02911 0.0001066 0.0002099      36.1     2.702      7.95     3.526         1       4.8
-0.2736   0.02617 0.0001104 0.0001955      50.6      3.75      5.55     2.408         1       4.8
-0.262   0.02336 9.829e-05 0.0001533     25.35     1.722      8.15     3.195         1       4.9
-0.2528   0.02059 8.906e-05 0.0001208     19.55     1.061       3.8     1.611         1         5
-0.2434   0.01847 8.415e-05 0.0001029      16.8     0.637       7.2     2.408         1       5.1
-0.236   0.01689 8.118e-05 8.981e-05     19.65    0.8685      7.15     3.165         1       5.2
-0.2284   0.01508 7.757e-05 7.698e-05      17.3     1.539       5.4     2.594         1       5.3
-0.2219    0.0145 7.407e-05     7e-05     20.75     1.255      5.75     2.886         1       5.4
-0.2157   0.01357 7.128e-05 6.385e-05     11.05    0.3683      4.65     1.502         1       5.5
-0.21   0.01331 6.665e-05 5.725e-05     11.25    0.1692      3.65     1.279         1       5.6
-0.2049   0.01262  6.22e-05 5.072e-05     19.55     2.065       3.1    0.8367         1       5.7
-0.1999   0.01171  6.22e-05 4.572e-05      8.65    0.5598       5.1     3.219         1       5.8
-0.1952   0.01169 5.994e-05 4.438e-05      24.5     3.468       3.3     1.025         1       5.9
-0.1906    0.0109 5.659e-05 3.829e-05        27     3.123      11.8     8.777         1         6
-0.1862   0.01075 5.609e-05  3.73e-05      53.4     7.541       6.6     2.154         1       6.1
-0.1822   0.01052 5.231e-05 3.393e-05     16.45     1.257       3.9     1.261         1       6.2
-0.1787   0.01005 5.154e-05 3.317e-05      14.3    0.5912       6.9     3.099         1       6.3
-0.1748   0.00993 4.969e-05 3.036e-05     21.65     1.763      6.65      2.98         1       6.4
